
~~~~~~~~~~~~~~
STEP 1: 
~~~~~~~~~~~~~~
KNN WITH K=10

[[544   4 110  17  49   3  32   8 233   0]
 [104 226 110  38 159  16  91  11 219  26]
 [ 96   3 462  42 242  24  71  11  46   3]
 [ 52   4 218 178 216  92 176  15  43   6]
 [ 49   1 262  25 531  12  61  14  45   0]
 [ 45   6 216 137 206 201 120  14  49   6]
 [ 17   0 236  42 286  19 376   2  21   1]
 [ 75   8 168  53 276  43  73 240  55   9]
 [116  10  33  34  73  16  16  10 685   7]
 [124  52  85  40 125  21  75  22 265 191]]

     precision    recall  f1-score   support

 0       0.45      0.54      0.49      1000
 1       0.72      0.23      0.34      1000
 2       0.24      0.46      0.32      1000
 3       0.29      0.18      0.22      1000
 4       0.25      0.53      0.34      1000
 5       0.45      0.20      0.28      1000
 6       0.34      0.38      0.36      1000
 7       0.69      0.24      0.36      1000
 8       0.41      0.69      0.51      1000
 9       0.77      0.19      0.31      1000

   micro avg       0.36      0.36      0.36     10000
   macro avg       0.46      0.36      0.35     10000
weighted avg       0.46      0.36      0.35     10000


~~~~~~~~~~~~~~
STEP 3: 
~~~~~~~~~~~~~~
C=1

[[ 4  0  0  1  1  1  0  3  6  4]
 [ 0  1  1  3  1  0  0  1  3  4]
 [ 0  2  1  1  2  4  3  1  6  1]
 [ 0  2  0  3  2  2  1  2  4  3]
 [ 0  0  1  1  3  1  2  5  2  0]
 [ 1  0  0  1  4  2  2  2  4  2]
 [ 2  1  2  3  3  0  8  4  2  1]
 [ 1  0  1  0  4  1  0  4  4  3]
 [ 2  1  2  0  3  0  2  2 10  6]
 [ 3  2  1  1  0  2  0  3  3  6]]

   precision    recall  f1-score   support

0       0.31      0.20      0.24        20
1       0.11      0.07      0.09        14
2       0.11      0.05      0.07        21
3       0.21      0.16      0.18        19
4       0.13      0.20      0.16        15
5       0.15      0.11      0.13        18
6       0.44      0.31      0.36        26
7       0.15      0.22      0.18        18
8       0.23      0.36      0.28        28
9       0.20      0.29      0.24        21

avg / total       0.22      0.21      0.20       200


~~~~~~~~~~~~~~
STEP 4: 
~~~~~~~~~~~~~~
[[ 9  0  1  0  5  0  0  0  2  3]
 [ 0  3  2  1  1  0  1  1  4  1]
 [ 2  0  4  0  8  1  4  1  1  0]
 [ 2  0  4  0  4  4  3  1  1  0]
 [ 0  0  2  1  9  0  1  0  1  1]
 [ 1  1  3  1  8  0  1  2  1  0]
 [ 2  0  5  1 10  0  8  0  0  0]
 [ 4  2  1  0  5  1  1  4  0  0]
 [ 4  1  0  2  4  1  1  0 12  3]
 [ 6  0  0  1  4  0  0  1  7  2]]

   precision    recall  f1-score   support

0       0.30      0.45      0.36        20
1       0.43      0.21      0.29        14
2       0.18      0.19      0.19        21
3       0.00      0.00      0.00        19
4       0.16      0.60      0.25        15
5       0.00      0.00      0.00        18
6       0.40      0.31      0.35        26
7       0.40      0.22      0.29        18
8       0.41      0.43      0.42        28
9       0.20      0.10      0.13        21

avg / total       0.26      0.26      0.24       200

OPTIMAL K: 13

~~~~~~~~~~~~~~
STEP 5:
~~~~~~~~~~~~~~
SCORES: [0.28571429 0.27227723 0.26368159 0.30150754 0.26666667]

[[ 9  0  1  0  5  0  0  0  2  3]
 [ 0  3  2  1  1  0  1  1  4  1]
 [ 2  0  4  0  8  1  4  1  1  0]
 [ 2  0  4  0  4  4  3  1  1  0]
 [ 0  0  2  1  9  0  1  0  1  1]
 [ 1  1  3  1  8  0  1  2  1  0]
 [ 2  0  5  1 10  0  8  0  0  0]
 [ 4  2  1  0  5  1  1  4  0  0]
 [ 4  1  0  2  4  1  1  0 12  3]
 [ 6  0  0  1  4  0  0  1  7  2]]

   precision    recall  f1-score   support

0       0.30      0.45      0.36        20
1       0.43      0.21      0.29        14
2       0.18      0.19      0.19        21
3       0.00      0.00      0.00        19
4       0.16      0.60      0.25        15
5       0.00      0.00      0.00        18
6       0.40      0.31      0.35        26
7       0.40      0.22      0.29        18
8       0.41      0.43      0.42        28
9       0.20      0.10      0.13        21

avg / total       0.26      0.26      0.24       200


